00  00  00  02  0C  00  00  0D  00  09  02  00  06  00  03  00
00  0B  08  00  00  0B  00  04  00  00  11  06  00  00  00  00
00  00  06  00  00  0A  13  00  00  01  00  00  00  01  05  00
00  00  00  00  05  07  00  08  00  00  12  00  0C  00  00  02
00  00  00  00  01  00  00  00  02  00  07  0A  00  00  00  08
06  00  00  00  00  00  00  00  00  00  00  00  00  00  04  00
00  00  00  00  02  00  00  00  01  10  01  0C  03  00  00  00
00  04  06  11  0A  03  00  0A  00  00  00  00  00  02  00  09
00  02  03  0E  00  04  00  00  00  04  01  00  00  05  00  00
00  00  04  00  00  00  03  00  00  00  00  02  00  01  07  00
00  07  07  00  10  09  00  00  03  00  00  00  00  02  07  00
00  0D  00  02  00  05  00  05  00  03  00  0E  00  0B  00  00
00  05  00  00  00  00  03  10  00  00  06  00  00  05  00  00
00  00  00  00  0A  00  06  00  00  03  01  00  07  00  00  02
08  00  00  07  00  00  00  00  00  00  00  04  00  00  00  00
00  00  00  00  00  18  00  00  00  00  07  00  00  08  05  00
04  04  00  00  00  05  00  00  00  02  00  00  01  00  00  00
12  00  02  00  00  00  07  00  00  09  00  00  07  00  00  00
00  00  06  00  02  00  07  00  08  05  00  00  02  00  00  00
06  00  00  00  00  00  00  00  02  09  01  05  14  00  00  04
00  03  00  00  06  00  00  00  00  00  02  0B  00  0A  07  00
00  00  00  00  00  04  00  00  00  00  0D  02  00  00  01  00
00  0D  00  0A  03  01  02  00  05  00  00  06  00  01  10  00
00  0B  05  00  00  00  03  00  00  09  00  00  00  04  02  00
00  00  00  04  00  02  00  14  00  07  00  03  00  00  00  07
00  0B  04  00  04  00  00  00  00  00  00  00  07  00  04  00
05  00  00  04  02  00  0F  05  04  00  02  00  01  00  05  00
00  0F  00  00  00  07  00  09  02  00  00  00  07  09  00  00
0C  08  00  00  00  0C  01  00  00  07  00  01  01  00  00  00
0C  00  00  00  06  00  00  07  00  00  0E  0D  05  00  00  02
00  0C  00  0B  00  00  00  00  00  00  02  01  00  00  02  00
00  00  04  09  01  00  03  00  01  00  04  00  04  00  06  00