97
97
91
66
130
127
22
135
23
133
18
63
118
43
45
139
70
116
63
18
0
125
143
22
49
82
31
13
49
116
138
107
146
135
136
49
63
114
9
127
28
116
106
27
66
9
133
8
1
37
15
90
3
116
116
58
108
101
4
33
139
48
34
6
47
77
128
25
139
115
21
98
7
21
112
56
41
69
132
64
81
133
48
70
65
112
30
134
101
68
36
8
75
71
142
93
52
23
137
52
147
119
41
92
52
111
145
29
148
20
63
129
82
29
54
101
53
55
99
28
29
40
134
46
67
3
73
49
115
130
113
12
119
82
57
39
61
28
28
75
55
51
143
41
21
108
123
130
78
125
135
124
79
127
128
110
128
9
56
128
37
97
132
13
73
86
117
39
73
134
39
125
0
111
139
114
32
103
125
19
72
65
57
15
52
33
142
5
84
85
74
108
0
56
115
75
15
83
10
126
27
61
56
89
46
109
123
1
3
95
11
78
119
19
3
98
31
103
137
12
122
148
55
26
57
38
77
33
47
143
92
41
135
71
132
147
71
75
144
126
28
146
70
116
98
127
132
123
123
37
88
23
134
26
134
0
78
84
13
52
104
132
21
60
62
64
83
107
47
110
7
94
126
59
14
113
45
108
108
13
73
130
44
33
127
3
82
117
51
99
38
61
76
136
34
81
109
13
18
146
38
56
99
65
126
149
34
137
148
71
81
78
42
51
131
140
4
42
19
4
7
54
143
58
37
76
49
36
99
56
103
90
119
122
40
50
111
64
68
121
52
53
104
110
0
71
59
107
81
108
11
0
127
41
73
143
146
47
57
42
44
89
54
2
1
98
78
149
80
28
81
119
104
11
45
140
109
67
132
14
70
103
21
141
136
117
106
96
114
59
72
82
12
124
27
82
138
21
40
34
79
82
114
86
111
128
19
83
32
5
101
28
19
40
2
117
15
53
19
12
102
119
149
130
67
128
101
27
64
3
126
49
94
47
105
110
38
40
93
38
22
107
84
60
134
76
96
67
126
60
100
60
149
60
113
102
14
11
18
15
8
20
144
74
22
67
47
65
29
73
78
70
49
105
47
54
83
105
62
148
138
107
22
8
64
141
57
133
67
59
100
112
30
17
116
64
61
89
147
10
124
147
124
71
66
96
122
55
75
144
7
99
70
66
147
0
57
27
132
16
16
102
76
96
73
26
17
128
118
83
17
15
123
114
89
67
76
146
130
134
97
120
46
96
95
117
129
76
11
84
46
117
119
145
35
65
124
58
64
11
4
83
23
38
35
74
49
45
65
68
79
77
132
46
59
116
26
11
45
72
50
27
36
6
1
145
71
132
65
43
108
104
88
41
95
144
110
18
63
115
102
63
96
18
66
54
136
29
0
24
123
110
39
3
25
78
122
31
140
13
93
134
131
92
45
103
106
24
32
123
137
135
41
128
41
110
66
103
99
89
52
28
30
81
142
108
142
25
114
16
149
92
15
86
82
85
46
62
43
141
89
145
65
40
95
131
140
144
30
16
17
98
65
119
59
40
27
0
127
142
87
60
103
17
101
118
137
77
83
118
54
26
31
91
51
38
19
98
126
93
80
85
20
116
17
7
135
27
106
83
29
138
73
49
0
65
5
8
49
19
129
56
143
32
134
68
137
73
54
99
112
2
32
47
21
115
146
116
123
0
109
127
3
18
24
85
135
97
90
59
99
6
137
34
106
15
133
88
60
18
106
57
39
58
13
54
56
97
18
11
70
56
88
141
36
123
126
23
15
127
71
24
64
6
41
137
12
138
37
23
7
11
148
60
97
59
41
70
100
2
139
105
116
52
136
77
131
3
69
59
132
118
2
4
132
16
94
94
122
98
106
148
79
115
47
102
93
72
20
120
135
22
126
129
92
40
22
21
124
16
52
78
102
143
146
104
39
25
13
141
141
80
12
82
24
102
106
46
46
91
14
100
18
16
2
33
82
149
91
8
43
5
23
90
104
9
135
43
48
54
32
98
38
32
30
63
121
97
59
30
56
67
60
81
127
91
120
92
134
135
26
45
27
113
53
87
128
97
69
49
132
84
4
18
100
80
0
106
14
134
53
70
65
139
130
15
79
49
48
61
59
132
8
76
25
29
10
126
11
11
107
141
94
149
137
135
0
135
79
103
4
19
56
21
99
55
84
115
103
115
49
118
34
41
88
131
116
94
31
67
21
112
84
5
128
68
72
87
63
4
59
102
95
139
92
81
135
48
67
18
17
50
102
59
14
95
131
31
102
28
104
104
131
74
128
48
146
35
78
21
64
25
92
122
138
10
86
114
148
108
62
62
38
106
25
112
83
82
21
25
7
108
84
37
146
36
128
76
72
39
23
36
44
148
58
141
3
9
117
12
87
148
51
109
32
30
31
3
74
128
94
26
105
101
38
147
85
69
90
61
8
133
80
4
42
82
147
62
99
43
15
101
82
100
134
119
88
99
74
83
137
48
33
85
126
53
82
124
108
115
46
66
29
6
99
54
105
22
142
123
3
143
97
119
100
0
62
66
45
18
10
148
5
93
31
41
145
32
6
4
140
85
139
69
70
117
6
67
55
76
30
102
98
37
140
66
78
85
0
71
25
54
91
52
108
117
20
139
90
128
45
26
111
95
46
143
120
86
52
95
119
109
4
39
123
72
60
144
144
30
34
2
92
86
132
108
99
33
60
28
50
135
48
93
86
54
88
121
95
115
118
88
8
104
127
55
139
102
46
67
57
113
51
108
48
77
50
70
39
132
56
12
46
37
117
80
40
8
23
106
140
38
135
134
114
52
79
27
147
99
138
110
32
121
143
112
50
72
42
97
9
42
12
45
94
88
122
77
122
44
3
107
102
44
78
140
17
43
129
57
28
22
82
100
93
144
80
94
20
140
76
31
128
30
125
20
126
110
58
4
88
141
67
87
92
116
85
59
120
81
45
82
100
102
72
96
22
89
94
16
50
27
4
126
18
93
104
18
92
48
136
86
143
65
110
105
80
65
116
26
127
117
35
86
78
38
77
89
132
70
117
38
38
131
109
130
138
120
115
70
23
132
131
124
96
105
118
32
91
133
19
87
126
20
9
58
137
110
89
48
100
49
46
104
112
116
55
137
11
133
43
92
125
91
56
72
95
58
79
61
75
111
55
124
147
149
10
134
81
47
132
117
98
25
65
40
7
113
118
126
98
135
137
114
144
125
76
34
121
89
19
47
30
31
61
1
104
5
145
0
128
126
73
93
80
45
89
109
21
81
58
95
95
126
126
62
18
28
147
41
144
6
77
135
115
9
13
129
91
0
133
64
21
135
149
1
5
46
117
146
85
137
102
13
100
75
110
59
120
8
24
1
4
29
112
106
101
19
22
80
126
0
96
119
95
121
2
73
20
17
105
111
36
94
120
68
32
68
106
50
118
55
95
69
53
90
91
115
149
74
42
114
15
40
66
87
91
119
35
90
121
86
114
33
39
74
145
95
21
125
61
147
67
37
113
3
60
74
118
110
33
137
9
1
126
7
68
51
67
91
139
63
8
126
117
38
43
49
34
133
73
79
12
38
131
111
97
105
82
123
33
119
147
8
13
79
95
78
49
144
58
11
20
126
110
74
80
13
80
20
89
127
3
94
102
73
125
35
30
84
64
124
83
123
146
102
107
39
34
105
120
87
74
144
106
26
135
119
93
76
73
133
16
148
19
32
55
105
58
9
110
82
66
31
94
131
124
135
24
11
63
88
66
37
4
127
103
98
133
59
21
101
56
102
92
109
117
72
23
82
143
109
10
78
4
9
106
14
25
51
80
83
68
130
45
85
116
85
42
105
113
60
13
2
56
43
95
75
70
114
101
111
113
39
16
118
133
88
3
89
127
56
16
112
79
118
115
66
102
17
3
15
141
50
36
83
100
92
104
99
135
21
12
95
104
2
3
111
95
35
10
50
138
136
20
2
121
94
36
12
1
140
24
72
78
137
104
44
1
10
103
42
75
46
87
24
126
72
123
135
136
12
73
39
143
2
135
62
141
45
27
10
112
53
103
118
26
125
66
24
14
85
3
5
49
86
70
4
92
145
110
25
75
17
62
69
50
131
144
80
86
8
86
111
104
99
122
102
135
1
84
131
124
23
117
61
89
20
7
62
105
97
76
114
98
10
35
86
39
74
57
95
127
92
126
67
43
29
116
103
139
14
44
80
40
28
149
104
72
45
72
50
79
6
54
127
17
101
18
11
97
97
117
72
113
28
81
7
115
89
7
6
127
149
66
91
23
43
75
147
34
142
5
56
48
129
81
8
40
13
89
36
39
148
142
12
7
50
123
104
27
127
44
94
127
133
108
116
51
143
51
10
139
84
34
38
5
36
48
127
79
3
110
95
87
139
79
66
114
29
77
112
138
143
28
118
45
21
59
98
73
48
30
53
132
22
49
40
54
13
18
104
42
9
45
86
147
122
17
149
105
128
129
118
102
142
16
146
104
13
0
23
31
122
122
46
39
9
139
29
110
82
77
23
63
137
30
32
103
95
97
136
148
10
53
129
98
6
134
5
103
59
121
140
117
24
101
131
2
55
114
52
89
103
140
61
57
31
99
76
127
117
49
114
103
56
81
45
8
62
144
122
137
102
128
40
103
42
88
140
84
91
53
79
134
75
29
49
0
50
84
95
80
22
78
20
27
51
98
26
62
64
106
34
45
35
135
66
124
98
93
0
69
104
59
139
141
9
66
41
35
57
29
53
128
46
134
140
81
107
38
21
33
99
38
119
37
99
112
8
14
71
17
2
123
104
7
125
132
47
38
86
121
50
99
73
79
68
113
113
53
44
65
34
121
146
88
125
119
11
147
79
12
135
94
32
105
17
68
66
51
17
67
2
111
52
84
124
75
22
61
116
105
60
65
64
71
12
98
11
14
116
80
45
106
132
24
40
105
29
86
28
19
66
110
19
37
126
115
133
43
36
54
90
103
43
146
111
47
144
58
68
45
100
149
134
123
64
106
23
92
119
79
36
56
104
112
21
61
72
35
48
62
34
31
105
99
44
114
6
9
127
34
94
60
38
60
108
125
95
114
91
84
146
120
89
84
24
143
78
121
63
88
30
48
140
125
71
123
140
101
100
99
1
72
24
40
35
114
123
92
78
41
66
133
133
76
57
67
40
96
115
119
77
149
134
115
149
16
38
2
14
34
56
40
81
7
98
140
116
60
44
122
30
119
82
108
62
73
71
136
124
93
41
140
38
92
8
137
74
94
6
29
28
11
47
89
6
87
128
48
86
140
60
66
57
61
96
6
116
145
29
102
68
47
108
132
77
52
21
46
72
40
147
134
32
145
55
112
141
130
18
22
35
114
92
19
24
122
31
42
22
52
6
129
120
14
90
27
80
145
65
113
58
93
33
135
40
108
60
41
63
58
26
1
76
143
141
65
130
55
116
17
22
136
137
6
15
85
47
113
36
54
55
70
69
14
47
97
33
118
135
86
53
139
4
97
140
45
32
113
143
74
129
122
40
53
75
9
94
145
105
130
81
8
129
40
124
26
127
63
7
40
66
47
85
114
59
120
107
75
51
134
61
110
141
123
16
93
57
56
91
148
94
64
87
86
125
74
26
43
61
64
101
75
44
56
14
41
4
79
111
34
136
143
59
91
93
121
14
136
21
90
122
2
92
79
32
60
53
146
38
37
85
93
148
42
69
43
12
126
8
140
21
105
139
23
116
50
74
128
86
81
38
67
72
76
125
110
83
70
33
121
100
93
31
58
90
24
73
24
53
43
58
122
124
91
95
17
0
37
4
51
67
97
12
49
13
75
23
89
85
84
7
142
140
30
99
77
103
100
14
42
17
10
124
34
10
84
64
27
39
100
123
69
79
105
64
74
7
107
144
41
110
148
34
71
102
59
60
149
109
9
99
50
96
4
98
57
40
101
141
121
51
11
142
97
55
116
81
126
5
138
57
133
42
55
100
47
11
69
69
46
51
14
139
131
33
110
117
31
56
133
31
125
29
106
33
146
12
75
80
127
37
85
147
120
48
82
119
34
126
69
102
42
94
121
112
132
2
25
107
87
70
27
103
12
4
141
136
145
47
62
121
18
128
25
44
24
9
29
43
105
71
116
14
68
123
39
54
110
109
83
71
55
19
9
84
4
67
98
135
87
34
5
70
49
126
96
142
69
11
8
24
111
45
134
0
69
22
43
95
78
99
78
99
75
70
43
136
82
14
17
71
26
57
122
91
69
71
22
139
115
61
105
12
16
110
129
2
83
37
79
149
99
105
136
123
92
16
30
86
106
59
44
103
13
33
73
36
11
42
139
11
30
86
57
115
103
108
103
85
79
96
124
30
74
118
66
91
9
138
90
36
51
51
9
16
29
2
135
133
88
2
90
29
6
109
71
123
100
81
113
75
90
55
71
28
11
28
1
5
13
140
7
146
5
26
73
57
141
89
117
66
134
105
91
2
118
104
79
8
69
91
114
8
94
109
53
101
133
129
25
61
30
149
148
15
76
74
27
147
20
24
18
23
34
127
74
50
57
148
74
15
60
33
73
79
69
98
95
4
144
39
57
61
146
146
42
45
109
42
8
121
104
111
77
119
109
53
72
3
49
21
80
108
35
22
137
103
58
143
129
141
10
46
22
142
99
125
22
2
79
13
9
42
130
36
68
130
17
82
141
39
44
19
137
97
56
127
75
102
135
81
9
117
19
42
97
40
114
99
16
27
70
12
68
99
103
73
23
117
131
52
145
20
147
5
17
5
83
131
128
68
96
67
92
133
74
105
42
24
30
74
67
86
17
47
89
17
134
72
76
59
131
90
142
126
133
82
17
128
44
28
51
101
22
28
130
114
94
139
38
86
56
44
121
58
55
111
110
114
90
96
44
59
106
86
133
35
16
81
89
53
18
86
49
83
77
24
77
26
129
86
109
35
141
50
78
113
62
27
133
79
38
78
94
42
12
14
10
71
138
2
144
99
118
67
7
135
96
5
83
96
14
25
134
38
112
21
55
100
86
89
10
8
16
65
50
140
49
1
47
20
49
8
5
93
51
142
93
85
140
79
142
36
0
140
30
139
75
147
24
15
90
147
2
119
57
19
64
30
65
136
95
131
55
105
64
7
100
20
146
88
10
103
84
98
69
1
145
126
146
138
84
78
6
34
22
43
19
22
60
48
5
109
143
145
82
31
41
17
95
112
41
21
65
38
48
134
77
20
0
12
131
58
36
101
114
23
70
45
135
36
76
83
98
70
53
29
84
100
64
48
142
98
134
84
80
145
47
129
100
54
52
8
98
97
124
1
108
16
71
142
10
138
96
8
101
87
132
23
96
38
24
130
147
88
80
108
96
98
37
123
137
64
31
83
21
83
6
88
39
39
144
35
120
127
45
27
7
83
1
122
66
116
49
43
28
30
73
9
69
88
143
78
36
135
123
143
148
106
45
53
58
77
51
7
30
148
40
80
24
54
107
70
128
32
49
90
43
113
1
13
126
144
131
7
46
37
64
128
9
78
51
146
70
31
52
77
120
129
73
94
138
4
29
40
10
48
88
139
121
113
71
110
117
19
29
88
53
136
44
48
93
87
144
132
120
23
47
130
114
127
110
138
80
0
18
41
110
57
135
61
111
91
20
126
107
81
84
90
7
82
15
115
17
16
100
108
34
79
68
94
59
68
95
54
46
65
117
10
47
135
98
142
50
51
5
123
16
91
2
104
19
36
116
110
87
33
62
1
14
32
119
14
97
19
118
54
64
112
107
77
54
11
118
28
71
33
67
56
24
3
46
84
125
27
84
22
20
130
85
15
116
29
147
149
6
100
33
27
31
11
75
22
91
128
83
43
117
149
72
50
7
15
108
30
103
82
48
22
34
17
108
63
34
43
21
105
35
20
53
33
51
123
147
24
134
31
52
87
62
132
58
24
25
119
131
13
129
45
127
147
33
42
10
86
93
134
130
35
146
124
129
33
45
132
84
77
47
27
130
69
4
116
63
61
17
2
82
141
101
137
106
79
76
133
110
127
128
57
61
99
129
144
31
75
115
105
1
89
140
136
135
93
138
50
27
49
88
59
71
63
15
52
29
111
90
129
101
89
117
107
56
90
102
131
8
80
96
93
149
38
54
63
122
120
136
121
41
21
41
68
21
61
115
44
148
75
127
90
143
44
149
99
85
53
31
10
101
60
119
54
72
130
81
123
2
96
25
54
3
88
6
97
121
42
119
12
100
67
59
59
101
55
50
88
117
79
141
75
55
108
96
23
133
89
81
100
25
14
109
83
34
70
70
143
101
69
143
6
43
99
40
14
57
70
34
8
69
113
22
16
52
37
109
82
52
140
61
92
55
115
74
84
17
15
95
129
44
44
39
115
35
59
9
22
18
103
26
141
64
124
37
137
101
37
115
46
47
70
44
131
72
121
52
63
80
129
65
6
112
107
62
138
5
112
39
7
62
122
55
112
91
99
25
86
133
4
95
114
133
80
143
33
147
96
33
147
127
42
123
41
2
35
139
57
148
58
146
2
60
136
69
120
10
2
41
17
1
59
89
3
4
24
31
108
56
22
97
63
149
16
101
139
54
36
143
0
99
119
32
28
117
143
99
46
51
130
111
76
125
87
98
19
111
77
138
32
36
48
117
91
0
33
46
48
50
142
62
30
9
144
85
97
119
9
8
107
6
141
144
117
117
140
119
119
21
47
46
105
9
45
55
38
6
120
14
80
65
122
130
11
117
35
93
137
110
120
25
25
42
129
68
71
63
31
75
103
62
75
119
37
90
33
138
142
36
61
53
88
74
146
130
85
25
31
34
144
73
78
29
21
63
56
61
6
98
64
20
17
30
44
105
137
39
50
19
39
125
138
116
105
80
34
59
123
147
139
26
38
148
67
35
70
83
48
35
120
20
3
22
92
126
6
109
86
121
53
36
56
74
28
11
28
32
149
120
60
45
130
149
26
10
31
55
66
120
72
37
145
44
4
40
36
107
25
109
26
23
62
19
103
0
132
12
54
32
29
13
99
114
148
95
47
94
77
6
35
141
118
75
144
51
98
62
87
112
146
60
6
84
22
7
128
88
78
104
131
93
25
72
51
53
137
40
20
65
52
25
5
104
143
45
55
29
93
132
113
16
8
90
54
142
125
85
13
24
133
84
111
71
53
42
98
9
109
124
8
28
101
28
58
110
2
108
54
90
18
96
113
130
13
87
146
30
87
48
107
111
137
118
15
66
99
52
122
54
115
116
55
139
19
28
10
148
23
125
9
3
13
122
146
113
17
76
93
94
133
145
107
72
147
141
149
94
79
73
113
74
75
82
23
61
51
62
42
105
48
32
109
84
3
34
83
143
119
85
94
69
5
64
15
82
136
123
69
143
10
122
67
101
110
10
57
147
109
60
53
39
47
138
148
141
39
95
17
22
115
121
131
30
66
143
29
23
84
38
107
119
113
73
62
89
110
25
113
132
10
97
23
52
128
149
56
81
81
128
26
102
114
15
77
97
123
61
134
71
69
78
66
145
139
61
52
131
45
131
54
0
132
60
6
146
55
124
60
57
3
131
15
104
129
131
118
112
0
128
94
88
121
53
68
38
81
6
112
25
35
81
81
14
129
43
148
122
27
5
92
22
115
106
1
102
131
95
103
80
15
78
37
82
95
144
46
107
120
39
139
43
67
96
120
113
142
24
52
14
12
55
149
35
36
13
115
41
119
12
77
30
74
4
45
41
43
122
80
99
0
149
66
27
45
115
107
42
140
130
24
101
137
99
107
49
141
120
63
46
96
26
91
52
65
20
58
26
116
112
113
0
71
61
56
125
18
7
130
68
102
17
125
61
57
5
13
131
98
5
10
67
145
95
112
20
83
139
112
87
15
38
64
84
72
133
20
41
73
63
85
93
124
21
145
134
101
69
81
60
1
87
48
149
138
104
105
19
40
16
108
113
6
45
7
114
25
23
33
18
9
28
118
73
136
139
129
104
109
20
89
106
4
60
133
136
86
146
108
139
132
139
65
38
68
88
114
59
72
85
104
115
84
132
3
86
95
40
124
89
123
52
130
83
137
139
48
60
74
94
108
126
142
136
31
120
83
1
137
143
68
25
115
70
136
147
110
106
57
21
65
59
125
77
56
14
146
29
68
121
65
74
32
1
18
55
112
36
118
102
7
9
25
7
81
29
69
107
115
35
99
0
77
139
51
63
20
88
117
59
44
54
106
2
89
1
22
49
16
80
74
63
121
59
141
80
128
11
115
64
124
142
125
120
58
62
87
49
103
71
147
41
130
58
145
129
19
85
52
6
91
72
47
138
106
39
98
86
34
106
113
0
74
74
4
64
75
133
22
66
117
132
102
3
112
134
74
12
16
33
16
56
65
43
103
72
92
22
73
37
14
89
109
73
58
29
72
125
140
86
85
84
106
107
115
91
129
77
38
118
136
61
103
98
149
120
69
26
126
46
124
118
6
100
71
94
98
111
123
96
33
125
85
87
102
108
24
57
62
70
87
38
139
145
51
134
69
140
50
20
71
63
135
28
58
76
136
113
57
115
67
95
43
19
32
97
48
104
91
72
26
103
40
100
49
69
17
21
69
45
122
93
37
79
80
118
60
52
26
18
119
1
20
92
1
19
138
61
27
54
137
101
107
105
13
104
134
137
64
9
128
29
53
25
62
2
47
89
82
41
127
119
15
132
102
6
50
136
127
93
70
138
81
26
70
113
143
25
135
40
70
40
141
4
27
74
44
7
15
48
129
96
36
111
18
113
56
78
11
97
32
60
106
57
146
141
137
50
142
96
120
89
31
77
7
128
45
91
80
22
1
11
62
148
70
107
122
140
39
127
114
105
16
76
146
48
50
96
69
107
11
95
8
124
56
82
50
35
124
87
113
40
22
132
55
149
11
85
136
92
143
141
55
105
48
2
109
5
138
16
67
71
59
51
111
140
41
48
120
96
34
57
124
148
17
80
49
121
129
91
32
83
49
113
100
127
124
79
146
7
126
134
146
83
96
83
51
63
102
127
42
92
27
6
108
63
85
61
87
19
113
140
1
100
92
42
6
105
1
130
13
129
40
141
30
20
43
31
85
108
14
118
111
91
121
113
78
21
122
49
63
123
76
96
62
29
58
118
102
112
81
34
134
93
28
85
23
8
42
88
51
124
39
29
134
2
39
140
95
136
91
123
52
35
137
9
43
19
84
28
138
100
24
55
124
67
131
41
113
41
30
106
118
139
144
139
13
96
22
3
26
109
15
68
53
41
114
26
34
90
70
125
121
139
36
18
0
23
99
61
34
121
144
82
142
121
66
141
99
144
71
23
60
97
78
96
90
142
111
99
9
47
24
65
47
76
131
147
83
133
18
62
15
32
35
85
0
144
39
43
136
28
126
66
5
133
133
35
1
15
26
100
113
72
149
94
106
63
5
42
46
22
62
91
75
20
71
80
19
59
115
46
84
31
19
2
77
145
73
91
125
104
32
10
102
82
53
127
5
148
116
148
42
120
129
131
83
134
131
133
52
57
12
33
4
16
48
26
79
130
13
7
141
0
82
135
63
63
31
63
52
94
11
34
37
89
82
133
103
66
87
97
139
136
111
143
78
71
24
73
63
100
87
47
136
119
82
22
67
35
131
3
1
27
87
85
49
79
137
114
107
36
147
35
109
75
38
104
78
30
48
23
129
20
11
87
0
69
74
53
43
94
145
51
126
62
61
149
72
140
118
57
58
41
13
45
112
93
84
107
94
136
42
77
18
66
91
25
32
4
31
19
116
91
39
65
72
41
46
22
148
75
92
68
68
132
60
146
1
14
65
45
41
76
81
117
8
101
108
142
18
122
129
48
19
113
121
54
74
108
101
54
86
96
58
132
123
23
144
145
124
69
73
1
21
149
102
107
5
44
39
67
77
111
127
133
65
41
93
5
81
118
51
4
124
25
15
89
101
76
77
99
26
116
76
135
79
149
76
61
3
48
11
15
50
47
46
27
127
28
53
52
136
69
14
31
130
110
50
92
105
3
42
114
103
134
9
90
37
110
145
76
68
23
96
118
57
59
104
24
129
69
61
33
28
90
61
86
145
26
66
77
141
145
20
126
148
138
13
149
145
74
93
121
17
146
124
14
147
120
114
83
88
36
71
32
3
89
50
59
31
60
37
28
108
66
92
71
69
130
121
62
141
56
76
24
61
25
2
34
77
131
72
83
128
131
142
71
4
87
8
121
147
50
22
36
50
115
117
42
16
81
125
69
33
109
65
138
105
85
139
18
12
111
95
29
27
103
17
17
90
116
69
117
143
33
4
142
83
59
129
23
63
1
87
18
37
7
82
4
3
16
75
11
62
90
83
77
132
132
141
30
95
15
109
105
93
6
136
112
95
62
132
50
68
37
148
67
13
58
13
18
82
8
133
76
106
26
110
4
97
84
42
4
136
112
137
43
36
43
78
10
112
26
141
112
149
41
87
12
20
14
67
10
76
71
143
100
32
62
100
104
129
20
70
33
5
122
55
58
127
60
39
149
109
116
33
10
78
18
121
102
64
1
3
90
70
129
88
131
84
94
103
64
128
134
108
44
32
104
140
108
67
97
54
140
10
50
32
64
59
128
130
126
132
15
42
108
94
22
45
149
92
10
14
22
79
11
90
126
66
127
12
142
12
147
135
138
137
34
139
97
131
79
88
46
57
100
81
25
140
65
18
3
118
104
82
81
40
86
77
68
146
78
96
33
51
16
87
10
64
78
51
37
27
23
78
49
93
148
149
2
68
142
45
73
144
109
13
138
134
60
88
109
55
37
47
107
102
98
105
76
2
8
50
79
1
68
49
117
129
97
7
70
111
52
70
73
36
68
65
10
115
136
14
105
46
91
61
1
72
116
71
138
8
135
55
144
57
41
85
58
17
109
59
20
147
27
141
109
71
54
111
94
54
107
26
100
63
0
66
52
80
89
50
32
142
69
76
121
85
51
126
8
24
99
138
27
120
27
15
52
33
107
42
31
110
101
136
144
140
42
77
73
69
80
44
34
28
61
46
60
99
18
61
98
137
2
2
77
50
30
69
145
56
53
2
50
61
128
139
122
7
90
70
24
90
11
62
106
42
93
15
140
30
11
149
136
114
8
146
82
91
26
4
146
48
122
145
88
122
74
77
30
122
98
36
12
60
81
56
23
36
13
68
43
138
144
114
6
116
29
67
104
3
136
85
133
58
34
94
86
103
142
128
128
81
33
14
60
34
84
53
3
66
55
40
119
138
7
103
68
122
92
61
65
124
29
110
77
117
124
73
120
77
145
24
79
89
96
34
146
112
85
106
112
62
18
106
142
89
142
137
125
47
64
74
148
143
97
130
80
24
69
5
122
129
18
64
59
56
40
106
23
58
85
57
12
148
87
64
72
71
132
108
109
122
12
54
131
108
67
56
91
56
74
21
142
85
28
9
120
122
137
63
147
71
58
2
122
27
115
90
79
137
84
117
36
56
52
94
93
20
69
97
130
130
107
54
84
56
63
148
116
67
109
147
44
57
7
7
95
145
86
121
30
93
75
3
29
5
45
142
124
89
148
31
130
62
0
8
101
43
111
120
60
60
17
105
140
16
117
86
147
134
80
126
144
147
23
38
109
112
102
93
134
11
44
64
72
80
72
136
75
29
72
51
98
100
70
107
111
30
58
17
52
101
120
32
50
10
138
90
13
56
71
42
96
24
107
13
1
59
115
80
101
89
13
86
74
2
29
0
126
86
121
83
68
20
29
88
43
32
23
94
20
27
145
132
119
143
5
87
1
32
63
110
101
73
33
127
76
42
38
3
114
109
98
135
124
138
101
64
34
25
114
53
76
37
39
104
130
31
60
124
122
15
118
48
111
51
23
26
21
43
120
23
65
100
94
36
31
20
46
61
139
46
10
16
130
32
47
28
91
35
146
16
6
90
26
28
87
147
51
72
59
66
9
127
54
38
68
44
97
102
27
83
95
35
90
97
88
76
93
38
134
4
111
131
31
83
27
20
21
39
35
46
50
8
74
58
16
61
6
47
11
130
13
138
52
86
143
121
101
56
100
132
3
61
80
10
20
85
87
55
12
146
111
103
125
79
41
102
118
46
19
74
130
130
45
149
52
95
66
7
14
40
87
25
56
113
144
33
141
1
132
128
125
79
140
118
42
16
108
111
42
47
141
12
92
41
123
48
112
127
3
11
108
30
103
30
131
62
54
128
113
142
84
130
107
27
133
121
11
4
94
149
73
77
50
58
18
44
111
93
37
63
18
44
82
116
14
44
126
116
70
39
65
0
23
76
109
41
106
27
89
47
54
9
148
27
120
94
55
137
67
142
19
100
120
35
85
16
34
36
0
48
136
146
14
137
93
145
43
103
90
28
77
12
133
98
63
46
39
144
142
125
93
51
65
129
27
111
65
20
121
85
48
142
27
111
13
92
96
88
23
102
28
93
134
25
145
35
17
148
66
89
67
24
74
12
59
83
128
15
14
4
123
88
78
102
103
58
129
35
33
106
112
96
51
38
112
111
10
78
81
37
73
39
19
134
113
40
65
112
88
148
25
113
33
38
38
81
5
56
83
60
101
46
17
37
19
75
119
81
113
88
3
52
53
148
70
148
58
21
37
19
41
88
41
56
48
74
26
58
5
86
88
54
4
65
68
119
130
53
125
27
77
102
45
84
21
104
40
118
57
105
54
1
113
41
114
44
100
87
111
81
115
64
29
149
12
123
36
52
50
26
0
16
130
14
135
63
60
92
111
7
78
111
98
19
126
18
26
3
106
64
69
51
7
21
147
57
18
61
13
127
4
65
82
114
123
13
5
75
149
111
119
100
30
10
97
81
0
121
12
46
15
110
144
14
5
35
139
2
133
64
92
131
94
94
28
49
43
74
13
0
138
123
66
128
131
75
90
37
121
35
143
5
72
119
25
75
40
36
68
10
75
8
23
104
104
58
67
82
1
135
5
16
132
22
97
71
30
26
78
101
9
57
122
144
32
54
126
141
0
32
53
6
131
101
138
38
83
116
13
64
39
90
22
58
53
98
55
46
145
37
120
118
148
31
105
74
139
17
44
97
99
24
10
52
51
50
83
53
95
132
125
41
68
83
125
64
25
8
47
53
68
34
79
63
119
73
35
129
64
48
118
32
140
37
53
5
90
104
54
55
116
20
38
50
80
73
45
73
124
11
26
106
138
1
77
91
31
62
125
123
105
117
28
112
143
67
74
108
125
141
98
84
84
89
91
64
149
91
55
71
124
141
98
128
99
76
92
105
44
3
116
62
14
119
94
112
19
44
135
114
97
5
90
27
125
68
30
70
100
10
115
88
144
124
144
55
6
146
86
7
126
122
31
16
79
28
57
33
85
53
25
18
120
5
36
29
69
119
142
26
5
111
115
32
120
93
138
43
87
105
147
132
2
110
141
39
72
89
1
12
34
43
15
48
64
145
37
33
136
36
40
139
21
60
122
8
23
49
55
109
88
9
107
65
130
44
61
130
47
29
135
115
75
103
54
107
25
117
115
120
43
114
138
91
123
24
109
6
80
42
106
17
87
67
44
1
24
29
47
21
22
121
109
67
125
95
85
106
93
110
127
45
63
2
140
87
133
37
15
117
0
9
40
107
19
113
92
44
28
104
109
112
141
84
133
54
106
20
115
10
68
120
37
142
127
88
9
147
35
50
10
30
86
125
57
110
147
134
123
39
117
145
90
145
7
88
87
148
13
60
57
112
110
107
25
51
112
34
46
131
53
79
68
51
82
39
118
81
52
106
90
25
6
132
128
78
81
143
11
129
17
32
46
40
69
102
137
134
117
44
100
77
124
20
58
65
125
49
66
9
33
118
80
62
49
143
86
8
129
5
24
118
89
116
76
35
25
75
14
9
100
90
138
18
91
108
16
53
143
20
55
68
128
72
118
51
59
106
71
42
27
47
53
2
65
41
21
111
12
97
107
83
100
67
35
121
149
94
62
26
66
24
19
24
33
110
14
59
78
91
36
88
107
39
49
106
33
117
142
114
77
97
0
70
66
113
19
3
83
28
142
54
80
38
18
85
120
8
122
26
4
92
68
45
11
58
14
74
137
49
71
43
43
138
15
113
18
136
103
79
44
143
92
79
133
145
144
44
115
115
75
98
143
138
35
144
122
56
23
6
19
129
48
15
78
15
16
100
108
47
7
21
93
9
107
33
3
125
112
76
83
37
102
92
121
2
140
107
67
145
96
131
89
76
96
78
41
15
45
64
43
114
39
127
58
128
144
92
75
98
80
97
62
111
15
124
104
82
68
45
103
43
68
87
46
95
12
96
96
139
17
51
129
136
84
48
122
87
27
138
10
70
32
70
101
71
66
11
36
146
12
46
28
100
138
96
25
42
143
109
123
12
136
126
136
64
146
36
37
29
88
73
124
118
144
119
142
140
142
141
147
129
73
4
72
109
46
50
40
148
125
104
145
123
118
118
32
116
73
44
134
148
17
76
70
93
140
140
149
89
35
92
114
57
135
121
137
37
80
120
101
31
23
32
32
113
65
144
21
29
57
124
49
107
44
36
49
130
110
19
37
78
25
51
63
77
142
137
81
98
63
102
73
109
125
55
107
72
66
104
108
97
16
128
34
1
36
4
79
116
37
110
16
63
40
12
76
1
7
92
119
97
30
98
37
75
139
145
67
63
6
146
148
81
16
31
125
144
119
147
39
125
135
9
76
30
29
101
75
82
52
145
52
109
21
106
31
148
47
133
145
3
117
65
12
101
114
90
103
35
137
62
11
47
72
108
13
84
55
58
78
78
123
145
76
63
144
134
21
76
123
49
58
145
28
7
102
49
30
13
14
136
112
90
133
39
141
92
75
120
106
15
49
26
9
35
91
6
101
5
75
87
131
120
31
59
92
114
8
6
9
47
146
73
147
44
124
62
31
122
96
86
116
11
